#TYPE System.String
"Length"
"39"
